./FFTP20T02BaseBertNews
0.964300 0.946010 0.934359 0.926217 0.920320 0.915309 0.910775 0.907225 0.903799 0.900921
0.348506 0.276604 0.247263 0.233516 0.225399 0.221389 0.218435 0.217229 0.216487 0.216627
./FFTP20T02D1000TTBW
0.926358 0.905498 0.893337 0.884638 0.877897 0.871924 0.866767 0.862445 0.858663 0.855251
0.204320 0.182530 0.171131 0.164983 0.161051 0.158484 0.157201 0.156278 0.156023 0.156033
./FFTP20T02D1000TTBWLabeled
0.930797 0.885565 0.857525 0.838106 0.822304 0.809273 0.798971 0.790264 0.782879 0.776579
0.350829 0.279869 0.241043 0.217096 0.198899 0.184906 0.174519 0.166490 0.160225 0.155060
./FFTP20T02D300TTBW
0.926393 0.905566 0.892850 0.883619 0.876436 0.870706 0.865814 0.861368 0.857600 0.854237
0.210307 0.186350 0.173898 0.167608 0.163311 0.160316 0.158769 0.158087 0.157897 0.157897
./FFTP20T02D300TTBWLabeled
0.930799 0.885475 0.858140 0.838556 0.823551 0.810707 0.800203 0.791511 0.784107 0.777828
0.351129 0.280893 0.242561 0.218075 0.200099 0.186874 0.176618 0.168395 0.161964 0.156914
./FFTP20T02D500TTBW
0.929364 0.909598 0.897563 0.888549 0.881435 0.875781 0.870970 0.866730 0.862846 0.859434
0.206807 0.184707 0.173822 0.167407 0.163472 0.160901 0.159293 0.158788 0.158414 0.158339
./FFTP20T02D500TTBWLabeled
0.930090 0.886963 0.858811 0.839621 0.824648 0.812549 0.802021 0.793006 0.785324 0.778496
0.351359 0.279746 0.241120 0.216245 0.198454 0.184906 0.174945 0.166869 0.160258 0.154718
./FFTP20T02LargeBertNews
0.973788 0.958953 0.949368 0.942469 0.937092 0.932879 0.929139 0.925991 0.923090 0.920422
0.319127 0.264221 0.241082 0.229786 0.224013 0.220506 0.218773 0.218071 0.218113 0.218255
./FFTP20T02TTBaseBertLabeled
0.959397 0.943936 0.935406 0.929266 0.924823 0.921105 0.918171 0.915717 0.913446 0.911428
0.282833 0.231951 0.212456 0.202889 0.197117 0.195139 0.194679 0.194718 0.194980 0.195660
./FFTP20T02TTLargeBertLabeled
0.982978 0.977700 0.974751 0.972614 0.970982 0.969586 0.968447 0.967457 0.966534 0.965622
0.296277 0.266637 0.260409 0.262615 0.267061 0.272462 0.278556 0.284538 0.290790 0.296330
./P20T02BaseBertNews
0.963051 0.942416 0.929947 0.921365 0.914187 0.908515 0.903976 0.899949 0.896426 0.893420
0.364787 0.285858 0.253933 0.238740 0.228969 0.223219 0.219296 0.217142 0.216102 0.216076
./P20T02D1000News
0.948055 0.910215 0.886325 0.868478 0.855776 0.845880 0.837295 0.830082 0.823915 0.818518
0.481563 0.370161 0.312327 0.277302 0.253431 0.237004 0.224230 0.214460 0.206892 0.200947
./P20T02D1000TTBW
0.930085 0.908760 0.895271 0.885089 0.876739 0.870092 0.864403 0.859281 0.854660 0.850454
0.229907 0.196637 0.181869 0.174692 0.169860 0.166937 0.165177 0.164421 0.164121 0.163994
./P20T02D1000TTBWLabeled
0.930483 0.883757 0.854025 0.833438 0.817818 0.804677 0.793050 0.783250 0.774904 0.767540
0.366249 0.290208 0.248394 0.222671 0.203977 0.189529 0.178652 0.170254 0.163605 0.157766
./P20T02D300News
0.941576 0.896765 0.868627 0.849210 0.834582 0.823571 0.814424 0.806725 0.800183 0.794522
0.473237 0.355153 0.296529 0.260301 0.236044 0.219439 0.206892 0.197410 0.189824 0.183583
./P20T02D300TTBW
0.925350 0.902698 0.888657 0.878620 0.870341 0.863376 0.857417 0.852149 0.847416 0.842936
0.230720 0.194167 0.179609 0.171910 0.166864 0.163960 0.161939 0.160739 0.160261 0.160134
./P20T02D300TTBWLabeled
0.928404 0.881225 0.850518 0.828741 0.811566 0.797949 0.786175 0.775963 0.767128 0.759291
0.364697 0.288003 0.246989 0.221396 0.202742 0.188332 0.177246 0.168214 0.161180 0.155259
./P20T02D500News
0.940324 0.896572 0.868451 0.849292 0.834469 0.822971 0.813343 0.805464 0.798739 0.792721
0.478929 0.364345 0.306682 0.270240 0.245720 0.228304 0.215503 0.205288 0.197490 0.190870
./P20T02D500TTBW
0.929870 0.907968 0.893871 0.883288 0.874972 0.868210 0.862273 0.856922 0.852102 0.847651
0.229673 0.195723 0.181333 0.173440 0.168963 0.165894 0.164035 0.162721 0.162074 0.161899
./P20T02D500TTBWLabeled
0.928725 0.880104 0.849567 0.828492 0.812293 0.798816 0.786931 0.776901 0.768496 0.761060
0.366761 0.288832 0.247683 0.221485 0.202936 0.188632 0.177624 0.169057 0.161976 0.156055
./P20T02LargeBertNews
0.972499 0.956339 0.946524 0.939458 0.934081 0.929606 0.925880 0.922485 0.919637 0.916924
0.325632 0.264752 0.241960 0.229751 0.223306 0.219430 0.217766 0.216502 0.216351 0.216705
./P20T02TTBaseBertLabeled
0.958305 0.942152 0.933447 0.927028 0.922252 0.918474 0.915405 0.912723 0.910349 0.908309
0.288267 0.233698 0.213132 0.203590 0.198080 0.196024 0.195083 0.194974 0.195225 0.195977
./P20T02TTLargeBertLabeled
0.982543 0.976902 0.973902 0.971786 0.970316 0.969053 0.968022 0.967098 0.966273 0.965459
0.300882 0.266214 0.259286 0.260996 0.265656 0.271022 0.277195 0.283502 0.289896 0.295729
