bh
0.560036 0.545649 0.536629 0.530206 0.525194 0.521091 0.517531 0.514444 0.511759 0.509345 
0.238998 0.212518 0.200319 0.193562 0.189118 0.186071 0.183985 0.182543 0.181572 0.180852 
bh1000
0.545582 0.528569 0.517764 0.510072 0.504079 0.499132 0.494803 0.491073 0.487831 0.484939 
0.229479 0.202151 0.188006 0.179781 0.173899 0.169556 0.166397 0.164109 0.162372 0.160880 
bh300
0.542287 0.524829 0.513642 0.505688 0.499325 0.494179 0.489746 0.485876 0.482484 0.479405 
0.227703 0.199391 0.185498 0.177175 0.171250 0.166921 0.163644 0.161086 0.159209 0.157697 
bh500
0.544137 0.526506 0.515348 0.507433 0.501305 0.496245 0.491789 0.487944 0.484638 0.481666 
0.228597 0.200627 0.186742 0.178220 0.172463 0.168120 0.164903 0.162433 0.160501 0.158977 
bhBaseBert
0.577141 0.569064 0.564712 0.561503 0.559114 0.557226 0.555691 0.554350 0.553163 0.552143 
0.242122 0.214838 0.204555 0.199784 0.197028 0.196001 0.195530 0.195476 0.195601 0.195977 
bhLargeBert
0.639136 0.636316 0.634815 0.633757 0.633023 0.632391 0.631876 0.631414 0.631001 0.630594 
0.298306 0.280972 0.277508 0.278363 0.280693 0.283376 0.286462 0.289616 0.292813 0.295729 
bhNews
0.577369 0.561049 0.550806 0.543598 0.538128 0.533872 0.530310 0.527289 0.524708 0.522429 
0.313233 0.264845 0.241961 0.228452 0.219565 0.213558 0.209187 0.205898 0.203484 0.201636 
bhNews1000
0.574501 0.555581 0.543636 0.534712 0.528361 0.523413 0.519121 0.515514 0.512431 0.509732 
0.341255 0.285554 0.256637 0.239124 0.227189 0.218975 0.212589 0.207703 0.203919 0.200947 
bhNews300
0.562580 0.540174 0.526105 0.516397 0.509082 0.503577 0.499004 0.495154 0.491883 0.489053 
0.328410 0.269368 0.240056 0.221942 0.209813 0.201511 0.195238 0.190497 0.186703 0.183583 
bhNews500
0.565597 0.543721 0.529660 0.520081 0.512670 0.506920 0.502107 0.498167 0.494804 0.491795 
0.334900 0.277608 0.248776 0.230555 0.218295 0.209587 0.203186 0.198079 0.194180 0.190870 
bhNewsBaseBert
0.589564 0.579246 0.573012 0.568720 0.565132 0.562295 0.560026 0.558013 0.556251 0.554748 
0.290431 0.250967 0.235005 0.227408 0.222523 0.219647 0.217686 0.216609 0.216089 0.216076 
bhNewsLargeBert
0.594602 0.586522 0.581615 0.578082 0.575393 0.573156 0.571292 0.569595 0.568171 0.566814 
0.271168 0.240729 0.229332 0.223228 0.220006 0.218067 0.217235 0.216604 0.216528 0.216705 
fft
0.559195 0.545703 0.537458 0.531620 0.527064 0.523286 0.520145 0.517466 0.515147 0.513114 
0.230301 0.207727 0.196712 0.190492 0.186276 0.183434 0.181596 0.180320 0.179469 0.178869 
fft1000
0.542062 0.525539 0.515489 0.508459 0.502824 0.498072 0.494208 0.490951 0.488159 0.485731 
0.216560 0.193373 0.180817 0.173293 0.167761 0.163621 0.160703 0.158465 0.156835 0.155547 
fft300
0.543001 0.526463 0.516450 0.509247 0.503699 0.499056 0.495207 0.491923 0.489129 0.486719 
0.219062 0.195514 0.182817 0.175124 0.169555 0.165500 0.162550 0.160323 0.158668 0.157406 
fft500
0.543128 0.527405 0.517358 0.510307 0.504785 0.500347 0.496512 0.493198 0.490307 0.487747 
0.217806 0.194378 0.182000 0.174177 0.168746 0.164716 0.161824 0.159679 0.157932 0.156529 
fftBaseBert
0.577529 0.569798 0.565533 0.562463 0.560241 0.558383 0.556916 0.555689 0.554553 0.553544 
0.239247 0.213805 0.204058 0.199275 0.196388 0.195400 0.195169 0.195189 0.195320 0.195660 
fftLargeBert
0.639654 0.637015 0.635541 0.634472 0.633656 0.632958 0.632389 0.631893 0.631432 0.630976 
0.296303 0.281483 0.278369 0.279473 0.281695 0.284396 0.287443 0.290434 0.293560 0.296330 
fftNews
0.593243 0.584961 0.579652 0.575892 0.573074 0.570768 0.568699 0.567025 0.565443 0.564056 
0.275629 0.243927 0.230807 0.224546 0.221073 0.219194 0.218022 0.217546 0.217370 0.217441 
fftNewsBaseBert
0.590464 0.581318 0.575493 0.571422 0.568473 0.565968 0.563701 0.561926 0.560213 0.558774 
0.282566 0.246615 0.231945 0.225071 0.221013 0.219008 0.217531 0.216928 0.216557 0.216627 
fftNewsLargeBert
0.596021 0.588604 0.583812 0.580362 0.577674 0.575567 0.573697 0.572123 0.570673 0.569338 
0.268691 0.241238 0.229668 0.224021 0.221134 0.219381 0.218514 0.218163 0.218184 0.218255 
