base
0.534733 0.529920 0.526336 0.523487 0.521131 0.519072 0.517224 0.515532 0.514030 0.512669 
0.150027 0.152256 0.152437 0.152810 0.153286 0.153916 0.154630 0.155366 0.156233 0.157165 
base1000
0.512580 0.505100 0.499188 0.494468 0.490632 0.487133 0.484210 0.481488 0.479078 0.476825 
0.140848 0.143648 0.142289 0.140486 0.139255 0.138084 0.137156 0.136360 0.135939 0.135500 
base300
0.506892 0.498799 0.493008 0.488373 0.484410 0.481007 0.477731 0.474777 0.472173 0.469882 
0.137450 0.140055 0.138780 0.137342 0.135792 0.134495 0.133513 0.132667 0.132107 0.131878 
baseBaseBert
0.527165 0.524555 0.522741 0.521342 0.520208 0.519281 0.518457 0.517720 0.517024 0.516412 
0.135763 0.135383 0.134899 0.135393 0.136076 0.136962 0.137945 0.138975 0.140032 0.141212 
baseLargeBert
0.592296 0.591227 0.590407 0.589764 0.589276 0.588867 0.588499 0.588141 0.587845 0.587554 
0.186048 0.189937 0.193781 0.198019 0.202020 0.206123 0.209906 0.213460 0.216854 0.220070 
baseNews
0.537060 0.526857 0.519676 0.514476 0.510396 0.507043 0.504215 0.501850 0.499738 0.497863 
0.199013 0.189534 0.181836 0.176679 0.173309 0.170926 0.169166 0.167990 0.167238 0.166812 
baseNews1000
0.527772 0.513470 0.503062 0.495632 0.489619 0.484532 0.480384 0.476950 0.473915 0.471260 
0.219428 0.205383 0.193221 0.184193 0.177486 0.172303 0.168123 0.164883 0.162316 0.160493 
baseNews300
0.500145 0.483547 0.472291 0.464337 0.458426 0.453703 0.449794 0.446469 0.443808 0.441408 
0.183777 0.171289 0.160712 0.153346 0.147617 0.143097 0.139890 0.137441 0.135530 0.133933 
baseNewsBaseBert
0.561763 0.556307 0.552202 0.548868 0.546233 0.544082 0.542188 0.540621 0.538977 0.537634 
0.206676 0.199593 0.194682 0.191657 0.190682 0.190120 0.189898 0.190161 0.190686 0.191345 
baseNewsLargeBert
0.558558 0.554106 0.551147 0.549068 0.547306 0.545855 0.544494 0.543361 0.542253 0.541149 
0.186169 0.181873 0.178727 0.177520 0.177450 0.178184 0.178752 0.179476 0.180418 0.181476 
