./K5MD0BaseBertNews
0.932181 0.921268 0.913060 0.906390 0.901120 0.896819 0.893030 0.889898 0.886609 0.883923
0.222008 0.207840 0.198020 0.191970 0.190019 0.188896 0.188452 0.188976 0.190026 0.191345
./K5MD0BaseBertTT
0.903811 0.900157 0.897426 0.895349 0.893579 0.891943 0.890482 0.889017 0.887717 0.886589
0.099387 0.101890 0.103496 0.105978 0.108236 0.110167 0.112430 0.114594 0.116713 0.118750
./K5MD0BaseBertTTLabeled
0.922426 0.915636 0.911112 0.907593 0.904826 0.902757 0.900922 0.899440 0.897955 0.896636
0.161239 0.157216 0.153676 0.153171 0.153645 0.155255 0.156926 0.158879 0.160990 0.163675
./K5MD0D1000News
0.895052 0.866448 0.845632 0.830770 0.818745 0.808571 0.800275 0.793408 0.787338 0.782027
0.278363 0.250274 0.225950 0.207893 0.194478 0.184114 0.175754 0.169273 0.164139 0.160493
./K5MD0D1000TT
0.905176 0.898635 0.893544 0.889050 0.884882 0.880814 0.877512 0.874292 0.871611 0.869112
0.108887 0.117300 0.120340 0.122765 0.124820 0.126792 0.128745 0.130563 0.132653 0.134679
./K5MD0D1000TTLabeled
0.874143 0.850767 0.832207 0.817823 0.806647 0.796718 0.788330 0.780661 0.773701 0.767189
0.183504 0.186291 0.177817 0.168177 0.161200 0.154543 0.148878 0.143878 0.140104 0.136321
./K5MD0D300News
0.866357 0.833161 0.810648 0.794742 0.782920 0.773474 0.765655 0.759006 0.753684 0.748883
0.233622 0.208644 0.187490 0.172759 0.161301 0.152260 0.145847 0.140949 0.137128 0.133933
./K5MD0D300TT
0.894717 0.888198 0.882961 0.878681 0.874924 0.871644 0.868403 0.865212 0.862608 0.859888
0.103300 0.112397 0.115651 0.117947 0.120197 0.122116 0.124102 0.126008 0.127961 0.130104
./K5MD0D300TTLabeled
0.869095 0.843241 0.825315 0.811055 0.798959 0.788628 0.778764 0.770139 0.762328 0.755884
0.182745 0.184068 0.175712 0.167665 0.159217 0.152108 0.146194 0.140903 0.136711 0.133652
./K5MD0LargeBertNews
0.935641 0.926735 0.920818 0.916659 0.913135 0.910234 0.907512 0.905245 0.903029 0.900822
0.190861 0.182270 0.175977 0.173564 0.173424 0.174892 0.176027 0.177475 0.179361 0.181476
./K5MD0LargeBertTT
0.958463 0.956577 0.955098 0.953964 0.953049 0.952289 0.951540 0.950836 0.950234 0.949648
0.127500 0.134403 0.140664 0.147640 0.153933 0.160476 0.166476 0.172052 0.177400 0.182652
./K5MD0LargeBertTTLabeled
0.970581 0.968190 0.966390 0.964953 0.963917 0.963038 0.962317 0.961590 0.961007 0.960430
0.176553 0.185206 0.194319 0.204296 0.214005 0.223877 0.233010 0.241650 0.249876 0.257488
