Dens
0.468016 0.464297 0.461751 0.459883 0.458355 0.457124 0.456047 0.455103 0.454270 0.453540 
0.106321 0.106513 0.106832 0.107501 0.108391 0.109608 0.110825 0.112086 0.113399 0.114757 
Dens1000
0.418979 0.413214 0.409372 0.406598 0.404066 0.401993 0.400237 0.398676 0.397285 0.396060 
0.099154 0.098168 0.096631 0.095520 0.094420 0.093898 0.093423 0.093150 0.092985 0.093027 
Dens300
0.419918 0.414283 0.410248 0.407196 0.404776 0.402801 0.400966 0.399444 0.398101 0.396907 
0.098948 0.097774 0.096595 0.095454 0.094682 0.094383 0.094089 0.093856 0.093807 0.093865 
DensBaseBert
0.492495 0.490657 0.489505 0.488704 0.488279 0.488078 0.487942 0.487711 0.487528 0.487429 
0.099163 0.098634 0.098563 0.099344 0.100553 0.102271 0.104066 0.105984 0.107814 0.109617 
DensLargeBert
0.552910 0.552215 0.551756 0.551443 0.551261 0.551100 0.550989 0.550884 0.550797 0.550707 
0.124438 0.127536 0.131404 0.135606 0.139992 0.144213 0.148344 0.152305 0.156198 0.159947 
DensNews
0.502813 0.493615 0.487508 0.483073 0.479658 0.476831 0.474478 0.472562 0.470906 0.469448 
0.158893 0.150648 0.144748 0.140902 0.138278 0.136521 0.135393 0.134759 0.134449 0.134451 
DensNews1000
0.527772 0.513470 0.503062 0.495632 0.489619 0.484532 0.480384 0.476950 0.473915 0.471260 
0.219428 0.205383 0.193221 0.184193 0.177486 0.172303 0.168123 0.164883 0.162316 0.160493 
DensNews300
0.500145 0.483547 0.472291 0.464337 0.458426 0.453703 0.449794 0.446469 0.443808 0.441408 
0.183777 0.171289 0.160712 0.153346 0.147617 0.143097 0.139890 0.137441 0.135530 0.133933 
DensNewsBaseBert
0.492312 0.488352 0.486242 0.484610 0.483378 0.482285 0.481326 0.480629 0.479972 0.479390 
0.131655 0.125813 0.123775 0.123641 0.124061 0.124844 0.125986 0.127341 0.128778 0.130219 
DensNewsLargeBert
0.491024 0.489089 0.488437 0.487714 0.487208 0.486805 0.486409 0.486200 0.485930 0.485735 
0.100710 0.100105 0.101285 0.102428 0.103949 0.105840 0.107574 0.109372 0.111173 0.113159 
