./K5MD0DensBaseBertNews
0.854406 0.846486 0.842266 0.839001 0.836538 0.834351 0.832433 0.831038 0.829725 0.828562
0.133092 0.121407 0.117330 0.117063 0.117903 0.119469 0.121753 0.124463 0.127337 0.130219
./K5MD0DensBaseBertTTLabeled
0.875373 0.871698 0.869392 0.867791 0.866942 0.866539 0.866267 0.865806 0.865440 0.865242
0.088709 0.087650 0.087509 0.089070 0.091489 0.094925 0.098515 0.102351 0.106010 0.109617
./K5MD0DensD1000News
0.895052 0.866448 0.845632 0.830770 0.818745 0.808571 0.800275 0.793408 0.787338 0.782027
0.278363 0.250274 0.225950 0.207893 0.194478 0.184114 0.175754 0.169273 0.164139 0.160493
./K5MD0DensD1000TT
0.754962 0.749832 0.745904 0.743339 0.740779 0.738940 0.737055 0.735298 0.733758 0.732397
0.078327 0.079263 0.080802 0.082855 0.084721 0.086828 0.088764 0.090581 0.092376 0.094430
./K5MD0DensD1000TTLabeled
0.734900 0.716968 0.705528 0.696997 0.689431 0.682976 0.677837 0.673351 0.669325 0.665787
0.132234 0.127355 0.119666 0.113170 0.106902 0.102708 0.098871 0.095964 0.093511 0.091625
./K5MD0DensD300News
0.866357 0.833161 0.810648 0.794742 0.782920 0.773474 0.765655 0.759006 0.753684 0.748883
0.233622 0.208644 0.187490 0.172759 0.161301 0.152260 0.145847 0.140949 0.137128 0.133933
./K5MD0DensD300TT
0.751443 0.746057 0.742238 0.739248 0.736694 0.734532 0.732614 0.730900 0.729359 0.727934
0.076587 0.078223 0.079931 0.081350 0.083340 0.085510 0.087635 0.089593 0.091583 0.093533
./K5MD0DensD300TTLabeled
0.740499 0.723346 0.711025 0.701807 0.694679 0.688944 0.683519 0.679147 0.675313 0.671965
0.131475 0.125141 0.118719 0.112738 0.107657 0.104290 0.100991 0.098099 0.095915 0.094197
./K5MD0DensLargeBertNews
0.868889 0.865019 0.863715 0.862269 0.861257 0.860451 0.859659 0.859242 0.858701 0.858310
0.088262 0.087051 0.089411 0.091696 0.094739 0.098521 0.101990 0.105586 0.109186 0.113159
./K5MD0DensLargeBertTT
0.934368 0.932982 0.932402 0.931927 0.931599 0.931285 0.931036 0.930797 0.930612 0.930399
0.064573 0.068127 0.072998 0.078872 0.084703 0.090434 0.095768 0.101193 0.106593 0.112002
./K5MD0DensLargeBertTTLabeled
0.957378 0.955984 0.954729 0.953952 0.953552 0.953219 0.953027 0.952844 0.952679 0.952533
0.113285 0.122124 0.132722 0.143657 0.155371 0.166523 0.177714 0.188133 0.198306 0.207893
