./K20D1000TTBW
0.819872 0.819786 0.819225 0.818646 0.817970 0.817183 0.816482 0.815728 0.814821 0.814132
0.049647 0.065950 0.077238 0.086163 0.092657 0.097737 0.102507 0.106756 0.110545 0.114305
./K20D1000TTBWDens
0.673021 0.674069 0.674863 0.675194 0.675049 0.674770 0.674551 0.674339 0.674191 0.673991
0.029460 0.040690 0.047976 0.053725 0.057895 0.061633 0.064854 0.067666 0.070414 0.072982
./K20D1000TTBWDensLabeled
0.675303 0.675117 0.673130 0.670796 0.668381 0.666266 0.664022 0.661940 0.660123 0.658295
0.063391 0.079702 0.084215 0.085409 0.084245 0.083013 0.081692 0.080516 0.079817 0.078929
./K20D1000TTBWDensLabeledMD0N5
0.734900 0.716968 0.705528 0.696997 0.689431 0.682976 0.677837 0.673351 0.669325 0.665787
0.132234 0.127355 0.119666 0.113170 0.106902 0.102708 0.098871 0.095964 0.093511 0.091625
./K20D1000TTBWDensMD0N5
0.754962 0.749832 0.745904 0.743339 0.740779 0.738940 0.737055 0.735298 0.733758 0.732397
0.078327 0.079263 0.080802 0.082855 0.084721 0.086828 0.088764 0.090581 0.092376 0.094430
./K20D1000TTBWLabeled
0.765802 0.761321 0.757741 0.754206 0.751121 0.747568 0.744642 0.742094 0.739974 0.737652
0.104323 0.124859 0.130487 0.131634 0.130067 0.127990 0.125842 0.124210 0.122963 0.121644
./K20D1000TTBWLabeledMD0N5
0.874143 0.850767 0.832207 0.817823 0.806647 0.796718 0.788330 0.780661 0.773701 0.767189
0.183504 0.186291 0.177817 0.168177 0.161200 0.154543 0.148878 0.143878 0.140104 0.136321
./K20D1000TTBWMD0N5
0.905176 0.898635 0.893544 0.889050 0.884882 0.880814 0.877512 0.874292 0.871611 0.869112
0.108887 0.117300 0.120340 0.122765 0.124820 0.126792 0.128745 0.130563 0.132653 0.134679
./K20D300TTBW
0.814253 0.814346 0.813799 0.813044 0.812517 0.811815 0.811050 0.810400 0.809565 0.808855
0.048087 0.063933 0.075809 0.084190 0.090151 0.095286 0.099526 0.103701 0.107581 0.111309
./K20D300TTBWDens
0.671778 0.672731 0.672897 0.672779 0.672748 0.672515 0.672412 0.672290 0.672018 0.671918
0.028040 0.039133 0.046404 0.052017 0.056220 0.059486 0.062686 0.065553 0.068190 0.070696
./K20D300TTBWDensLabeled
0.667494 0.666235 0.665838 0.663823 0.662120 0.659816 0.657684 0.655825 0.653981 0.652115
0.061909 0.078070 0.083286 0.084439 0.083426 0.082095 0.080507 0.079786 0.078621 0.078017
./K20D300TTBWDensLabeledMD0N5
0.740499 0.723346 0.711025 0.701807 0.694679 0.688944 0.683519 0.679147 0.675313 0.671965
0.131475 0.125141 0.118719 0.112738 0.107657 0.104290 0.100991 0.098099 0.095915 0.094197
./K20D300TTBWDensMD0N5
0.751443 0.746057 0.742238 0.739248 0.736694 0.734532 0.732614 0.730900 0.729359 0.727934
0.076587 0.078223 0.079931 0.081350 0.083340 0.085510 0.087635 0.089593 0.091583 0.093533
./K20D300TTBWLabeled
0.761847 0.758365 0.755030 0.752214 0.748827 0.745247 0.742082 0.739260 0.736761 0.734781
0.102964 0.123306 0.130710 0.132159 0.130656 0.128114 0.126429 0.124603 0.123418 0.122549
./K20D300TTBWLabeledMD0N5
0.869095 0.843241 0.825315 0.811055 0.798959 0.788628 0.778764 0.770139 0.762328 0.755884
0.182745 0.184068 0.175712 0.167665 0.159217 0.152108 0.146194 0.140903 0.136711 0.133652
./K20D300TTBWMD0N5
0.894717 0.888198 0.882961 0.878681 0.874924 0.871644 0.868403 0.865212 0.862608 0.859888
0.103300 0.112397 0.115651 0.117947 0.120197 0.122116 0.124102 0.126008 0.127961 0.130104
./K20D500TTBW
0.818212 0.817809 0.817584 0.817253 0.816604 0.815935 0.815027 0.814323 0.813579 0.812769
0.049560 0.066447 0.077776 0.086337 0.092516 0.097756 0.102397 0.106508 0.110341 0.114042
./K20D500TTBWDens
0.675823 0.676171 0.676353 0.676605 0.676792 0.676727 0.676669 0.676582 0.676476 0.676277
0.029233 0.040910 0.048540 0.054057 0.058307 0.061903 0.065030 0.068034 0.070464 0.072827
./K20D500TTBWDensLabeled
0.671423 0.669486 0.667754 0.665276 0.663134 0.661161 0.659454 0.657784 0.656343 0.654916
0.062015 0.076147 0.081516 0.082013 0.081563 0.081034 0.080467 0.079766 0.079274 0.078703
./K20D500TTBWDensLabeledMD0N5
0.737487 0.721186 0.709508 0.700509 0.693038 0.686798 0.681503 0.677340 0.673550 0.670182
0.130910 0.127876 0.120313 0.113585 0.108080 0.103387 0.099652 0.097047 0.094815 0.093096
./K20D500TTBWDensMD0N5
0.751013 0.746824 0.743607 0.741055 0.738805 0.737103 0.735362 0.733643 0.732069 0.730647
0.077200 0.079427 0.080458 0.082703 0.084760 0.086650 0.088734 0.090900 0.093010 0.095012
./K20D500TTBWLabeled
0.758189 0.756084 0.752770 0.749583 0.745810 0.742657 0.739555 0.736539 0.733819 0.731419
0.103370 0.124233 0.129864 0.131104 0.129294 0.126641 0.124488 0.122627 0.121185 0.119996
./K20D500TTBWLabeledMD0N5
0.870205 0.846529 0.829888 0.815253 0.802475 0.790779 0.781141 0.772606 0.765276 0.758768
0.181828 0.184095 0.175676 0.167391 0.159037 0.152276 0.146557 0.141507 0.137450 0.134109
./K20D500TTBWMD0N5
0.901835 0.895407 0.890169 0.886094 0.882411 0.878890 0.875622 0.872598 0.869885 0.867222
0.107293 0.116313 0.119516 0.122327 0.124344 0.126361 0.128463 0.130549 0.132649 0.134838
./K20TTBaseBertDens
0.743484 0.742281 0.741436 0.741270 0.741011 0.740772 0.740797 0.740744 0.740686 0.740473
0.023233 0.027960 0.031164 0.033665 0.035341 0.037042 0.038740 0.040444 0.042014 0.043573
./K20TTBaseBertDensLabeled
0.739191 0.738251 0.737204 0.736051 0.735423 0.735443 0.735284 0.735254 0.735424 0.735333
0.047883 0.056378 0.059857 0.063104 0.065910 0.068663 0.071441 0.074413 0.077358 0.079970
./K20TTBaseBertDensLabeledMD0N5
0.779365 0.768659 0.762301 0.757266 0.754110 0.752105 0.750732 0.749554 0.748370 0.747633
0.105558 0.098245 0.094725 0.093203 0.092678 0.093602 0.094569 0.096149 0.097634 0.099578
./K20TTBaseBertDensMD0N5
0.767712 0.760536 0.757148 0.755138 0.753756 0.752781 0.751858 0.751079 0.750536 0.750067
0.052420 0.047390 0.045293 0.044890 0.044769 0.045158 0.045844 0.046638 0.047568 0.048625
./K20TTBaseBertLabeled
0.824885 0.821663 0.818720 0.816262 0.814509 0.812968 0.811510 0.810138 0.808894 0.807728
0.088850 0.108072 0.115690 0.121445 0.126334 0.130619 0.134842 0.138759 0.142051 0.145358
./K20TTBaseBertLabeledMD0N5
0.885192 0.871901 0.861011 0.852435 0.845862 0.840386 0.835952 0.832125 0.828564 0.825439
0.191267 0.181263 0.171007 0.165764 0.162297 0.160321 0.160004 0.160343 0.160933 0.161549
./K20TTBaseBertMD0N5
0.869339 0.861592 0.856040 0.851230 0.847510 0.844385 0.841785 0.839304 0.837138 0.835020
0.123207 0.119257 0.114922 0.112317 0.110851 0.109572 0.108789 0.108524 0.108569 0.108887
./K20TTLargeBertDens
0.734902 0.734061 0.733848 0.733444 0.733256 0.733220 0.733048 0.732953 0.733011 0.732950
0.022500 0.027003 0.029482 0.032093 0.034215 0.036086 0.038156 0.040178 0.042260 0.044207
./K20TTLargeBertDensLabeled
0.749226 0.748479 0.748051 0.747658 0.747106 0.746575 0.746065 0.745820 0.745494 0.745085
0.052982 0.063285 0.069237 0.072781 0.076641 0.080090 0.083141 0.086247 0.089359 0.092347
./K20TTLargeBertDensLabeledMD0N5
0.798046 0.789718 0.783115 0.779263 0.775766 0.773164 0.770954 0.769379 0.768267 0.767140
0.114714 0.109562 0.105681 0.104605 0.105078 0.106143 0.107523 0.109351 0.111239 0.112669
./K20TTLargeBertDensMD0N5
0.762217 0.756336 0.753149 0.751300 0.749675 0.748480 0.747725 0.747123 0.746528 0.746102
0.047747 0.043667 0.042282 0.042295 0.042476 0.043414 0.044442 0.045674 0.047034 0.048417
./K20TTLargeBertLabeled
0.847199 0.844421 0.841470 0.838972 0.836872 0.834970 0.833081 0.831273 0.829787 0.828125
0.098818 0.120316 0.131481 0.138704 0.143963 0.148292 0.152243 0.155445 0.158708 0.161884
./K20TTLargeBertLabeledMD0N5
0.897759 0.886325 0.876490 0.869142 0.862802 0.857585 0.852610 0.848491 0.844446 0.840560
0.199506 0.191576 0.184086 0.180028 0.177622 0.176544 0.175391 0.175225 0.175239 0.175923
./K20TTLargeBertMD0N5
0.861884 0.852953 0.846924 0.842504 0.838895 0.835836 0.833178 0.830909 0.828930 0.827215
0.116740 0.112840 0.110098 0.108182 0.106896 0.106194 0.106398 0.107066 0.107581 0.108529
./K5MD0BaseBertNews
0.961208 0.952571 0.946493 0.941675 0.937038 0.933404 0.930316 0.927547 0.924930 0.922628
0.288333 0.275110 0.266119 0.261777 0.259346 0.259543 0.261145 0.263598 0.266144 0.269578
./K5MD0D1000News
0.895052 0.866448 0.845632 0.830770 0.818745 0.808571 0.800275 0.793408 0.787338 0.782027
0.278363 0.250274 0.225950 0.207893 0.194478 0.184114 0.175754 0.169273 0.164139 0.160493
./K5MD0D300News
0.866357 0.833161 0.810648 0.794742 0.782920 0.773474 0.765655 0.759006 0.753684 0.748883
0.233622 0.208644 0.187490 0.172759 0.161301 0.152260 0.145847 0.140949 0.137128 0.133933
./K5MD0D500News
0.890184 0.861189 0.840228 0.825492 0.813445 0.803792 0.795745 0.788711 0.782899 0.778176
0.268199 0.239482 0.216045 0.199297 0.186219 0.176589 0.169017 0.163174 0.158486 0.154497
./K5MD0LargeBertNews
0.954927 0.945373 0.938330 0.932455 0.928155 0.924990 0.922002 0.918953 0.915898 0.913591
0.291214 0.274722 0.266125 0.262325 0.262164 0.262840 0.264494 0.266301 0.268120 0.270511
