DensMD0N5
0.457404 0.453615 0.450994 0.449049 0.447448 0.446159 0.445027 0.444057 0.443187 0.442425 
0.100276 0.100389 0.100379 0.100744 0.101323 0.102153 0.103050 0.104040 0.105083 0.106179 
DensMD0N51000
0.418979 0.413214 0.409372 0.406598 0.404066 0.401993 0.400237 0.398676 0.397284 0.396060 
0.099154 0.098168 0.096631 0.095520 0.094420 0.093898 0.093423 0.093150 0.092985 0.093027 
DensMD0N5300
0.419918 0.414283 0.410248 0.407196 0.404776 0.402801 0.400966 0.399444 0.398101 0.396907 
0.098948 0.097774 0.096595 0.095454 0.094682 0.094383 0.094089 0.093856 0.093807 0.093865 
DensMD0N5500
0.419152 0.414030 0.410306 0.407418 0.404988 0.403002 0.401243 0.399773 0.398432 0.397234 
0.099054 0.098853 0.097220 0.096099 0.095237 0.094536 0.094123 0.094014 0.093983 0.094054 
DensMD0N5BaseBert
0.476061 0.474331 0.473289 0.472590 0.472149 0.471897 0.471701 0.471509 0.471323 0.471216 
0.079787 0.079614 0.080044 0.081039 0.082282 0.083736 0.085270 0.086876 0.088442 0.090002 
DensMD0N5LargeBert
0.552910 0.552215 0.551756 0.551443 0.551261 0.551100 0.550989 0.550884 0.550797 0.550707 
0.124438 0.127536 0.131404 0.135606 0.139992 0.144213 0.148344 0.152305 0.156198 0.159948 
DensNews
0.491668 0.488721 0.487340 0.486162 0.485293 0.484545 0.483868 0.483414 0.482951 0.482563 
0.116183 0.112959 0.112530 0.113034 0.114005 0.115342 0.116780 0.118357 0.119975 0.121689 
DensNewsBaseBert
0.492312 0.488352 0.486242 0.484610 0.483378 0.482285 0.481326 0.480629 0.479972 0.479390 
0.131655 0.125813 0.123775 0.123641 0.124061 0.124844 0.125986 0.127341 0.128778 0.130219 
DensNewsLargeBert
0.491024 0.489089 0.488437 0.487714 0.487208 0.486805 0.486409 0.486200 0.485930 0.485735 
0.100710 0.100105 0.101285 0.102428 0.103949 0.105840 0.107574 0.109372 0.111173 0.113159 
baseMD0N5
0.529836 0.524480 0.520519 0.517304 0.514597 0.512188 0.510065 0.508133 0.506429 0.504882 
0.147925 0.150272 0.150157 0.150181 0.150245 0.150512 0.150902 0.151343 0.151939 0.152627 
baseMD0N51000
0.512580 0.505100 0.499188 0.494468 0.490632 0.487133 0.484210 0.481488 0.479078 0.476825 
0.140848 0.143648 0.142289 0.140485 0.139255 0.138084 0.137156 0.136360 0.135939 0.135500 
baseMD0N5300
0.506892 0.498799 0.493008 0.488373 0.484410 0.481007 0.477731 0.474777 0.472173 0.469882 
0.137450 0.140055 0.138780 0.137342 0.135792 0.134495 0.133513 0.132667 0.132107 0.131878 
baseMD0N5500
0.510247 0.502721 0.497251 0.492574 0.488458 0.484654 0.481428 0.478538 0.476027 0.473734 
0.139517 0.142339 0.141035 0.139666 0.138082 0.136896 0.135992 0.135251 0.134762 0.134474 
baseMD0N5BaseBert
0.527165 0.524554 0.522741 0.521342 0.520207 0.519281 0.518457 0.517721 0.517024 0.516412 
0.135763 0.135383 0.134899 0.135393 0.136076 0.136962 0.137945 0.138975 0.140032 0.141212 
baseMD0N5LargeBert
0.592296 0.591227 0.590407 0.589764 0.589276 0.588867 0.588499 0.588141 0.587845 0.587554 
0.186048 0.189937 0.193781 0.198019 0.202020 0.206123 0.209906 0.213460 0.216854 0.220070 
baseNews
0.534116 0.523054 0.515213 0.509580 0.505111 0.501463 0.498396 0.495801 0.493530 0.491557 
0.201480 0.191025 0.182523 0.176723 0.172718 0.169850 0.167684 0.166159 0.165088 0.164349 
baseNews1000
0.527772 0.513470 0.503062 0.495632 0.489619 0.484532 0.480384 0.476950 0.473915 0.471260 
0.219428 0.205383 0.193221 0.184193 0.177486 0.172303 0.168123 0.164883 0.162316 0.160493 
baseNews300
0.500145 0.483547 0.472291 0.464337 0.458426 0.453703 0.449794 0.446469 0.443808 0.441408 
0.183777 0.171289 0.160712 0.153346 0.147617 0.143097 0.139890 0.137441 0.135530 0.133933 
baseNews500
0.522340 0.507843 0.497362 0.489994 0.483971 0.479144 0.475121 0.471604 0.468698 0.466336 
0.211348 0.196989 0.185271 0.176897 0.170358 0.165543 0.161757 0.158836 0.156492 0.154497 
baseNewsBaseBert
0.561763 0.556307 0.552202 0.548868 0.546233 0.544082 0.542188 0.540621 0.538977 0.537634 
0.206676 0.199593 0.194682 0.191657 0.190682 0.190120 0.189898 0.190161 0.190686 0.191345 
baseNewsLargeBert
0.558558 0.554106 0.551147 0.549068 0.547306 0.545855 0.544494 0.543361 0.542253 0.541149 
0.186169 0.181873 0.178727 0.177520 0.177450 0.178184 0.178752 0.179476 0.180418 0.181476 
