fft
[0.568067, 0.557260, 0.550801, 0.546233, 0.542669, 0.539682, 0.537235, 0.535164, 0.533371, 0.531800]
[0.230177, 0.209316, 0.199907, 0.195062, 0.191959, 0.190085, 0.189050, 0.188472, 0.188233, 0.188174]
fft1000
[0.542062, 0.525539, 0.515489, 0.508459, 0.502824, 0.498072, 0.494208, 0.490951, 0.488159, 0.485731]
[0.216560, 0.193373, 0.180817, 0.173293, 0.167761, 0.163621, 0.160703, 0.158465, 0.156835, 0.155547]
fft300
[0.543001, 0.526463, 0.516450, 0.509247, 0.503699, 0.499056, 0.495207, 0.491923, 0.489129, 0.486719]
[0.219062, 0.195514, 0.182817, 0.175124, 0.169555, 0.165500, 0.162550, 0.160323, 0.158668, 0.157406]
fftBaseBert
[0.564470, 0.557082, 0.552960, 0.550064, 0.547900, 0.546104, 0.544673, 0.543483, 0.542395, 0.541429]
[0.213891, 0.191543, 0.182852, 0.178633, 0.176250, 0.175178, 0.174931, 0.174934, 0.175033, 0.175301]
fftLargeBert
[0.622736, 0.619956, 0.618307, 0.617161, 0.616253, 0.615496, 0.614854, 0.614299, 0.613801, 0.613322]
[0.271197, 0.256834, 0.253140, 0.253200, 0.254270, 0.256041, 0.258018, 0.260165, 0.262397, 0.264441]
fftNews
[0.581065, 0.567195, 0.558753, 0.552634, 0.548057, 0.544374, 0.541173, 0.538606, 0.536291, 0.534243]
[0.302811, 0.259010, 0.238407, 0.226789, 0.219297, 0.214359, 0.210690, 0.208196, 0.206300, 0.204854]
fftNews1000
[0.574445, 0.555978, 0.544656, 0.536654, 0.530461, 0.525560, 0.521286, 0.517856, 0.514782, 0.512124]
[0.335547, 0.280761, 0.252729, 0.235781, 0.224251, 0.216394, 0.210209, 0.205615, 0.201932, 0.198989]
fftNews300
[0.563331, 0.542881, 0.531050, 0.522099, 0.515620, 0.510401, 0.506008, 0.502521, 0.499498, 0.496735]
[0.324441, 0.267427, 0.239286, 0.222282, 0.210790, 0.202653, 0.196507, 0.192078, 0.188527, 0.185544]
fftNewsBaseBert
[0.590464, 0.581318, 0.575493, 0.571422, 0.568473, 0.565968, 0.563701, 0.561926, 0.560213, 0.558774]
[0.282566, 0.246615, 0.231945, 0.225071, 0.221013, 0.219008, 0.217531, 0.216928, 0.216557, 0.216627]
fftNewsLargeBert
[0.596021, 0.588604, 0.583812, 0.580362, 0.577674, 0.575567, 0.573697, 0.572123, 0.570673, 0.569338]
[0.268691, 0.241238, 0.229668, 0.224021, 0.221134, 0.219381, 0.218514, 0.218163, 0.218184, 0.218255]
