fftBert
fys = [0.593603 ,0.588519 ,0.585634 ,0.583613 ,0.582076 ,0.580800 ,0.579763 ,0.578891 ,0.578098 ,0.577375]
fys = [0.242544 ,0.224189 ,0.217996 ,0.215917 ,0.215260 ,0.215609 ,0.216474 ,0.217550 ,0.218715 ,0.219871]
fftNewsBert
fys = [0.593243 ,0.584961 ,0.579652 ,0.575892 ,0.573074 ,0.570768 ,0.568699 ,0.567025 ,0.565443 ,0.564056]
fys = [0.275629 ,0.243927 ,0.230807 ,0.224546 ,0.221073 ,0.219194 ,0.218022 ,0.217546 ,0.217370 ,0.217441]
fftNewspvector
fys = [0.563331 ,0.542881 ,0.531050 ,0.522099 ,0.515620 ,0.510401 ,0.506008 ,0.502521 ,0.499498 ,0.496735]
fys = [0.324441 ,0.267427 ,0.239286 ,0.222282 ,0.210790 ,0.202653 ,0.196507 ,0.192078 ,0.188527 ,0.185544]
fftpvector
fys = [0.543001 ,0.526463 ,0.516450 ,0.509247 ,0.503699 ,0.499056 ,0.495207 ,0.491923 ,0.489129 ,0.486719]
fys = [0.219062 ,0.195514 ,0.182817 ,0.175124 ,0.169555 ,0.165500 ,0.162550 ,0.160323 ,0.158668 ,0.157406]
