./FFTP20T02BaseBertNews
0.964300 0.946010 0.934359 0.926217 0.920320 0.915309 0.910775 0.907225 0.903799 0.900921
0.348506 0.276604 0.247263 0.233516 0.225399 0.221389 0.218435 0.217229 0.216487 0.216627
./FFTP20T02BaseBertTT
0.947880 0.933790 0.925830 0.920388 0.916174 0.912710 0.909917 0.907611 0.905530 0.903683
0.222127 0.183620 0.168349 0.161040 0.157280 0.154970 0.154442 0.154415 0.154550 0.154943
./FFTP20T02BaseBertTTLabeled
0.959397 0.943936 0.935406 0.929266 0.924823 0.921105 0.918171 0.915717 0.913446 0.911428
0.282833 0.231951 0.212456 0.202889 0.197117 0.195139 0.194679 0.194718 0.194980 0.195660
./FFTP20T02D1000News
0.949901 0.912966 0.890323 0.874318 0.861932 0.852131 0.843584 0.836723 0.830574 0.825260
0.472105 0.362533 0.306470 0.272574 0.249514 0.233799 0.221430 0.212241 0.204875 0.198989
./FFTP20T02D1000TT
0.926358 0.905498 0.893337 0.884638 0.877897 0.871924 0.866767 0.862445 0.858663 0.855251
0.204320 0.182530 0.171131 0.164983 0.161051 0.158484 0.157201 0.156278 0.156023 0.156033
./FFTP20T02D1000TTLabeled
0.930797 0.885565 0.857525 0.838106 0.822304 0.809273 0.798971 0.790264 0.782879 0.776579
0.350829 0.279869 0.241043 0.217096 0.198899 0.184906 0.174519 0.166490 0.160225 0.155060
./FFTP20T02D300News
0.941119 0.900218 0.876557 0.858654 0.845695 0.835257 0.826473 0.819497 0.813452 0.807926
0.463337 0.349311 0.293029 0.259020 0.236037 0.219763 0.207470 0.198612 0.191511 0.185544
./FFTP20T02D300TT
0.926393 0.905566 0.892850 0.883619 0.876436 0.870706 0.865814 0.861368 0.857600 0.854237
0.210307 0.186350 0.173898 0.167608 0.163311 0.160316 0.158769 0.158087 0.157897 0.157897
./FFTP20T02D300TTLabeled
0.930799 0.885475 0.858140 0.838556 0.823551 0.810707 0.800203 0.791511 0.784107 0.777828
0.351129 0.280893 0.242561 0.218075 0.200099 0.186874 0.176618 0.168395 0.161964 0.156914
./FFTP20T02LargeBertNews
0.973788 0.958953 0.949368 0.942469 0.937092 0.932879 0.929139 0.925991 0.923090 0.920422
0.319127 0.264221 0.241082 0.229786 0.224013 0.220506 0.218773 0.218071 0.218113 0.218255
./FFTP20T02LargeBertTT
0.979082 0.973239 0.969595 0.967147 0.965146 0.963516 0.962086 0.960855 0.959787 0.958782
0.259627 0.231817 0.223267 0.221302 0.221135 0.222818 0.224631 0.227240 0.229913 0.232553
./FFTP20T02LargeBertTTLabeled
0.982978 0.977700 0.974751 0.972614 0.970982 0.969586 0.968447 0.967457 0.966534 0.965622
0.296277 0.266637 0.260409 0.262615 0.267061 0.272462 0.278556 0.284538 0.290790 0.296330
