base
[0.493326, 0.491269, 0.489525, 0.487959, 0.486569, 0.485318, 0.484152, 0.483106, 0.482128, 0.481201]
[0.150527, 0.156155, 0.158331, 0.159800, 0.160976, 0.162103, 0.163126, 0.164212, 0.165262, 0.166268]
base1000
[0.492490, 0.489583, 0.486925, 0.484260, 0.481955, 0.479804, 0.477743, 0.475920, 0.474148, 0.472398]
[0.126266, 0.134289, 0.136083, 0.136335, 0.136038, 0.135887, 0.135508, 0.135364, 0.135248, 0.135192]
base300
[0.489528, 0.486173, 0.483172, 0.480666, 0.478188, 0.475807, 0.473653, 0.471662, 0.469872, 0.468176]
[0.124697, 0.131643, 0.133578, 0.133772, 0.133577, 0.133030, 0.132734, 0.132509, 0.132400, 0.132306]
baseBaseBert
[0.518133, 0.515914, 0.514302, 0.512833, 0.511720, 0.510935, 0.510175, 0.509524, 0.508916, 0.508420]
[0.123956, 0.125309, 0.125205, 0.125749, 0.126443, 0.127570, 0.128543, 0.129737, 0.130889, 0.132055]
baseLargeBert
[0.589050, 0.588276, 0.587699, 0.587292, 0.586931, 0.586618, 0.586347, 0.586106, 0.585871, 0.585645]
[0.171686, 0.180688, 0.186860, 0.192480, 0.197570, 0.202212, 0.206517, 0.210579, 0.214378, 0.217890]
baseNews
[0.533144, 0.528090, 0.524061, 0.520712, 0.517989, 0.515654, 0.513712, 0.512003, 0.510512, 0.509199]
[0.191850, 0.192442, 0.187529, 0.183409, 0.180517, 0.178541, 0.177174, 0.176256, 0.175642, 0.175343]
baseNews1000
[0.531476, 0.525550, 0.520091, 0.515597, 0.511884, 0.508722, 0.506096, 0.503842, 0.501845, 0.500046]
[0.220149, 0.223433, 0.215898, 0.208767, 0.202444, 0.197626, 0.194038, 0.191078, 0.188718, 0.186772]
baseNews300
[0.517782, 0.511417, 0.506204, 0.501290, 0.497521, 0.494424, 0.491968, 0.489824, 0.487889, 0.486136]
[0.207416, 0.209625, 0.200669, 0.192759, 0.187148, 0.182791, 0.179487, 0.176856, 0.174741, 0.173007]
baseNewsBaseBert
[0.545813, 0.541505, 0.538017, 0.535694, 0.533842, 0.532115, 0.530567, 0.529185, 0.528123, 0.527239]
[0.180872, 0.179069, 0.177063, 0.176055, 0.175908, 0.176393, 0.176994, 0.177957, 0.178895, 0.180217]
baseNewsLargeBert
[0.537506, 0.533886, 0.531932, 0.530268, 0.528710, 0.527355, 0.526218, 0.525159, 0.524189, 0.523376]
[0.158963, 0.157642, 0.156489, 0.156056, 0.156566, 0.157353, 0.158176, 0.159132, 0.160212, 0.161377]
