01Bert
n1ys = [0.553592 ,0.552095 ,0.551000 ,0.550063 ,0.549326 ,0.548776 ,0.548261 ,0.547815 ,0.547394 ,0.547033]
n1ys = [0.147821 ,0.152999 ,0.156033 ,0.159114 ,0.162006 ,0.164891 ,0.167530 ,0.170158 ,0.172633 ,0.174973]
01NewsBert
n1ys = [0.541659 ,0.537695 ,0.534975 ,0.532981 ,0.531276 ,0.529735 ,0.528392 ,0.527172 ,0.526156 ,0.525308]
n1ys = [0.169917 ,0.168355 ,0.166775 ,0.166055 ,0.166237 ,0.166873 ,0.167585 ,0.168545 ,0.169554 ,0.170797]
01Newspvector
n1ys = [0.517782 ,0.511417 ,0.506204 ,0.501290 ,0.497521 ,0.494424 ,0.491968 ,0.489824 ,0.487889 ,0.486136]
n1ys = [0.207416 ,0.209625 ,0.200669 ,0.192759 ,0.187148 ,0.182791 ,0.179487 ,0.176856 ,0.174741 ,0.173007]
01pvector
n1ys = [0.489528 ,0.486173 ,0.483172 ,0.480666 ,0.478188 ,0.475807 ,0.473653 ,0.471662 ,0.469872 ,0.468176]
n1ys = [0.124697 ,0.131643 ,0.133578 ,0.133772 ,0.133577 ,0.133030 ,0.132734 ,0.132509 ,0.132400 ,0.132306]
