./K10MD01D1000News
0.876180 0.864328 0.853410 0.844422 0.836996 0.830672 0.825421 0.820912 0.816919 0.813320
0.253527 0.260094 0.245024 0.230763 0.218116 0.208479 0.201303 0.195384 0.190664 0.186772
./K10MD01D300News
0.862557 0.849828 0.839400 0.829573 0.822034 0.815840 0.810928 0.806640 0.802771 0.799265
0.241824 0.246244 0.228331 0.212511 0.201290 0.192576 0.185967 0.180705 0.176476 0.173007
./K4MD01BaseBertTT
0.892964 0.889420 0.886983 0.885108 0.883511 0.882380 0.881221 0.880041 0.878982 0.878125
0.085013 0.089757 0.092578 0.095313 0.097667 0.100466 0.102988 0.105356 0.107727 0.109925
./K4MD01BaseBertTTLabeled
0.915459 0.910125 0.906116 0.902114 0.899260 0.897249 0.895369 0.893943 0.892574 0.891444
0.146701 0.147371 0.144131 0.143574 0.143994 0.145704 0.147074 0.149480 0.151719 0.154185
./K4MD01LargeBertNews
0.913635 0.906394 0.902488 0.899158 0.896043 0.893334 0.891059 0.888941 0.887001 0.885375
0.156549 0.153907 0.151600 0.150734 0.151755 0.153329 0.154976 0.156887 0.159048 0.161377
./K4MD01LargeBertTT
0.953656 0.951990 0.950846 0.949948 0.949098 0.948442 0.947905 0.947459 0.947009 0.946552
0.112980 0.122797 0.130540 0.137765 0.144663 0.151327 0.157279 0.163169 0.169047 0.174249
./K5MD01BaseBertNews
0.911409 0.902794 0.895817 0.891171 0.887467 0.884012 0.880916 0.878154 0.876029 0.874262
0.181527 0.177921 0.173908 0.171893 0.171600 0.172568 0.173772 0.175698 0.177574 0.180217
./K6MD01D1000TT
0.882098 0.879785 0.877031 0.874524 0.872072 0.869485 0.867111 0.864804 0.862582 0.860254
0.085420 0.100903 0.108387 0.114017 0.118085 0.121621 0.124665 0.127450 0.130180 0.132744
./K6MD01D300TT
0.873940 0.871269 0.868355 0.865494 0.862949 0.860421 0.858043 0.855752 0.853533 0.851399
0.082553 0.097617 0.104591 0.109393 0.113288 0.116301 0.119273 0.122311 0.124911 0.127347
./K7MD01D1000TTLabeled
0.817480 0.808165 0.800287 0.792133 0.785365 0.779349 0.773480 0.768492 0.763629 0.758955
0.149259 0.165870 0.165561 0.160939 0.155685 0.151544 0.146983 0.143622 0.140430 0.137639
./K7MD01D300TTLabeled
0.819560 0.808811 0.799722 0.792560 0.785190 0.778197 0.771956 0.766282 0.761345 0.756693
0.151623 0.164344 0.165108 0.161084 0.156408 0.151206 0.147051 0.143113 0.140077 0.137265
./K7MD01LargeBertTTLabeled
0.966765 0.965336 0.964168 0.963441 0.962846 0.962248 0.961703 0.961185 0.960694 0.960249
0.137985 0.164176 0.181122 0.196374 0.209838 0.221742 0.233010 0.243366 0.252684 0.261531
