bhBert
bys = [0.593377 ,0.588061 ,0.585102 ,0.582996 ,0.581435 ,0.580166 ,0.579130 ,0.578222 ,0.577416 ,0.576681]
bys = [0.246795 ,0.225540 ,0.218706 ,0.216330 ,0.215727 ,0.216016 ,0.216772 ,0.217799 ,0.218964 ,0.220108]
bhNewsBert
bys = [0.592083 ,0.582884 ,0.577313 ,0.573401 ,0.570262 ,0.567725 ,0.565659 ,0.563804 ,0.562211 ,0.560781]
bys = [0.280800 ,0.245848 ,0.232169 ,0.225318 ,0.221264 ,0.218858 ,0.217461 ,0.216606 ,0.216308 ,0.216391]
bhNewspvector
bys = [0.562580 ,0.540174 ,0.526105 ,0.516397 ,0.509082 ,0.503577 ,0.499004 ,0.495154 ,0.491883 ,0.489053]
bys = [0.328410 ,0.269368 ,0.240056 ,0.221942 ,0.209813 ,0.201511 ,0.195238 ,0.190497 ,0.186703 ,0.183583]
bhpvector
bys = [0.542287 ,0.524829 ,0.513642 ,0.505688 ,0.499325 ,0.494179 ,0.489746 ,0.485876 ,0.482484 ,0.479405]
bys = [0.227703 ,0.199391 ,0.185498 ,0.177175 ,0.171250 ,0.166921 ,0.163644 ,0.161086 ,0.159209 ,0.157697]
