bh
[0.568656, 0.557380, 0.550402, 0.545438, 0.541569, 0.538411, 0.535702, 0.533348, 0.531287, 0.529427]
[0.237693, 0.213155, 0.202729, 0.197404, 0.194151, 0.192127, 0.190897, 0.190198, 0.189877, 0.189698]
bh1000
[0.545582, 0.528569, 0.517764, 0.510072, 0.504079, 0.499132, 0.494803, 0.491073, 0.487831, 0.484939]
[0.229479, 0.202151, 0.188006, 0.179781, 0.173899, 0.169556, 0.166397, 0.164109, 0.162372, 0.160880]
bh300
[0.542287, 0.524829, 0.513642, 0.505688, 0.499325, 0.494179, 0.489746, 0.485876, 0.482484, 0.479405]
[0.227703, 0.199391, 0.185498, 0.177175, 0.171250, 0.166921, 0.163644, 0.161086, 0.159209, 0.157697]
bhBaseBert
[0.564372, 0.556748, 0.552496, 0.549450, 0.547214, 0.545416, 0.543950, 0.542674, 0.541536, 0.540527]
[0.218069, 0.193305, 0.184070, 0.179732, 0.177397, 0.176310, 0.175773, 0.175673, 0.175745, 0.175995]
bhLargeBert
[0.622383, 0.619373, 0.617708, 0.616543, 0.615657, 0.614915, 0.614310, 0.613770, 0.613296, 0.612836]
[0.275521, 0.257774, 0.253342, 0.252928, 0.254057, 0.255721, 0.257772, 0.259924, 0.262182, 0.264220]
bhNews
[0.580311, 0.565381, 0.556092, 0.549478, 0.544492, 0.540610, 0.537361, 0.534569, 0.532184, 0.530087]
[0.307816, 0.261654, 0.240257, 0.227926, 0.219883, 0.214550, 0.210687, 0.207853, 0.205810, 0.204328]
bhNews1000
[0.574501, 0.555581, 0.543636, 0.534712, 0.528361, 0.523413, 0.519121, 0.515514, 0.512431, 0.509732]
[0.341255, 0.285554, 0.256637, 0.239124, 0.227189, 0.218975, 0.212589, 0.207703, 0.203919, 0.200947]
bhNews300
[0.562580, 0.540174, 0.526105, 0.516397, 0.509082, 0.503577, 0.499004, 0.495154, 0.491883, 0.489053]
[0.328410, 0.269368, 0.240056, 0.221942, 0.209813, 0.201511, 0.195238, 0.190497, 0.186703, 0.183583]
bhNewsBaseBert
[0.589564, 0.579246, 0.573012, 0.568720, 0.565132, 0.562295, 0.560026, 0.558013, 0.556251, 0.554748]
[0.290431, 0.250967, 0.235005, 0.227408, 0.222523, 0.219647, 0.217686, 0.216609, 0.216089, 0.216076]
bhNewsLargeBert
[0.594602, 0.586522, 0.581615, 0.578082, 0.575393, 0.573156, 0.571292, 0.569595, 0.568171, 0.566814]
[0.271168, 0.240729, 0.229332, 0.223228, 0.220006, 0.218067, 0.217235, 0.216604, 0.216528, 0.216705]
