./P20T02BaseBertNews
0.963051 0.942416 0.929947 0.921365 0.914187 0.908515 0.903976 0.899949 0.896426 0.893420
0.364787 0.285858 0.253933 0.238740 0.228969 0.223219 0.219296 0.217142 0.216102 0.216076
./P20T02BaseBertTT
0.947193 0.932850 0.924546 0.918781 0.914612 0.911201 0.908406 0.905981 0.903807 0.901810
0.232020 0.187533 0.171158 0.163348 0.159520 0.157228 0.156020 0.155727 0.155767 0.156013
./P20T02BaseBertTTLabeled
0.958305 0.942152 0.933447 0.927028 0.922252 0.918474 0.915405 0.912723 0.910349 0.908309
0.288267 0.233698 0.213132 0.203590 0.198080 0.196024 0.195083 0.194974 0.195225 0.195977
./P20T02D1000News
0.948055 0.910215 0.886325 0.868478 0.855776 0.845880 0.837295 0.830082 0.823915 0.818518
0.481563 0.370161 0.312327 0.277302 0.253431 0.237004 0.224230 0.214460 0.206892 0.200947
./P20T02D1000TT
0.930085 0.908760 0.895271 0.885089 0.876739 0.870092 0.864403 0.859281 0.854660 0.850454
0.229907 0.196637 0.181869 0.174692 0.169860 0.166937 0.165177 0.164421 0.164121 0.163994
./P20T02D1000TTLabeled
0.930483 0.883757 0.854025 0.833438 0.817818 0.804677 0.793050 0.783250 0.774904 0.767540
0.366249 0.290208 0.248394 0.222671 0.203977 0.189529 0.178652 0.170254 0.163605 0.157766
./P20T02D300News
0.941576 0.896765 0.868627 0.849210 0.834582 0.823571 0.814424 0.806725 0.800183 0.794522
0.473237 0.355153 0.296529 0.260301 0.236044 0.219439 0.206892 0.197410 0.189824 0.183583
./P20T02D300TT
0.925350 0.902698 0.888657 0.878620 0.870341 0.863376 0.857417 0.852149 0.847416 0.842936
0.230720 0.194167 0.179609 0.171910 0.166864 0.163960 0.161939 0.160739 0.160261 0.160134
./P20T02D300TTLabeled
0.928404 0.881225 0.850518 0.828741 0.811566 0.797949 0.786175 0.775963 0.767128 0.759291
0.364697 0.288003 0.246989 0.221396 0.202742 0.188332 0.177246 0.168214 0.161180 0.155259
./P20T02LargeBertNews
0.972499 0.956339 0.946524 0.939458 0.934081 0.929606 0.925880 0.922485 0.919637 0.916924
0.325632 0.264752 0.241960 0.229751 0.223306 0.219430 0.217766 0.216502 0.216351 0.216705
./P20T02LargeBertTT
0.978548 0.972151 0.968489 0.965946 0.963872 0.962166 0.960777 0.959543 0.958471 0.957444
0.272760 0.236443 0.225642 0.222275 0.222132 0.223421 0.225451 0.227755 0.230392 0.232711
./P20T02LargeBertTTLabeled
0.982543 0.976902 0.973902 0.971786 0.970316 0.969053 0.968022 0.967098 0.966273 0.965459
0.300882 0.266214 0.259286 0.260996 0.265656 0.271022 0.277195 0.283502 0.289896 0.295729
