0Bert
n0ys = [0.561143 ,0.558757 ,0.557152 ,0.556040 ,0.555107 ,0.554351 ,0.553659 ,0.553084 ,0.552575 ,0.552084]
n0ys = [0.163652 ,0.164558 ,0.165575 ,0.167413 ,0.169488 ,0.171735 ,0.173991 ,0.176330 ,0.178559 ,0.180714]
0NewsBert
n0ys = [0.562140 ,0.556763 ,0.552928 ,0.550118 ,0.547798 ,0.545787 ,0.544089 ,0.542570 ,0.541224 ,0.540047]
n0ys = [0.203859 ,0.194714 ,0.189221 ,0.186737 ,0.185547 ,0.185277 ,0.185295 ,0.185566 ,0.186252 ,0.187081]
0Newspvector
n0ys = [0.531384 ,0.523311 ,0.516920 ,0.511308 ,0.506883 ,0.503242 ,0.500145 ,0.497495 ,0.495082 ,0.493015]
n0ys = [0.231583 ,0.226165 ,0.214083 ,0.203907 ,0.196748 ,0.191365 ,0.187225 ,0.184021 ,0.181343 ,0.179199]
0pvector
n0ys = [0.511824 ,0.506750 ,0.502626 ,0.499010 ,0.495719 ,0.492566 ,0.489767 ,0.487057 ,0.484803 ,0.482776]
n0ys = [0.144302 ,0.148563 ,0.147999 ,0.146728 ,0.145416 ,0.144367 ,0.143259 ,0.142536 ,0.142121 ,0.141902]
