base
0.506936 0.503701 0.501195 0.499126 0.497258 0.495568 0.494053 0.492662 0.491420 0.490269 
0.166871 0.169183 0.169359 0.169622 0.169954 0.170486 0.171064 0.171809 0.172606 0.173423 
base1000
0.514339 0.509626 0.505684 0.502219 0.498968 0.496028 0.493390 0.490992 0.488678 0.486506 
0.146554 0.150882 0.150202 0.148983 0.147640 0.146588 0.145784 0.145180 0.144725 0.144311 
base300
0.511824 0.506750 0.502626 0.499010 0.495719 0.492566 0.489767 0.487057 0.484803 0.482776 
0.144302 0.148563 0.147999 0.146728 0.145416 0.144367 0.143259 0.142536 0.142121 0.141902 
baseBaseBert
0.528676 0.525073 0.522687 0.521040 0.519659 0.518554 0.517571 0.516738 0.515986 0.515297 
0.141518 0.137942 0.135843 0.135194 0.135255 0.135729 0.136478 0.137526 0.138439 0.139427 
baseLargeBert
0.593610 0.592441 0.591616 0.591039 0.590555 0.590148 0.589747 0.589430 0.589163 0.588870 
0.185785 0.191173 0.195308 0.199632 0.203721 0.207741 0.211504 0.215135 0.218679 0.222000 
baseNews
0.551237 0.544413 0.539096 0.534916 0.531552 0.528672 0.526265 0.524194 0.522342 0.520722 
0.222630 0.215277 0.206214 0.199855 0.195572 0.192709 0.190561 0.189101 0.188101 0.187429 
baseNews1000
0.549284 0.540815 0.533608 0.528118 0.523729 0.519874 0.516737 0.514139 0.511838 0.509779 
0.251218 0.245517 0.232333 0.222040 0.214448 0.208917 0.204429 0.201251 0.198557 0.196355 
baseNews300
0.531384 0.523311 0.516920 0.511308 0.506883 0.503242 0.500145 0.497495 0.495082 0.493015 
0.231583 0.226165 0.214083 0.203907 0.196748 0.191365 0.187225 0.184021 0.181343 0.179199 
baseNewsBaseBert
0.562843 0.557273 0.553047 0.549786 0.547198 0.545043 0.543330 0.541797 0.540463 0.539304 
0.210116 0.201503 0.195302 0.192576 0.191006 0.190659 0.190715 0.191084 0.191815 0.192655 
baseNewsLargeBert
0.561437 0.556253 0.552809 0.550451 0.548399 0.546531 0.544848 0.543343 0.541986 0.540790 
0.197603 0.187924 0.183140 0.180898 0.180086 0.179895 0.179874 0.180049 0.180688 0.181506 
