./K10MD0D1000News
0.902212 0.885275 0.870860 0.859880 0.851104 0.843393 0.837118 0.831923 0.827320 0.823203
0.306081 0.294679 0.268311 0.247724 0.232540 0.221478 0.212503 0.206147 0.200760 0.196355
./K10MD0D300News
0.883568 0.867424 0.854641 0.843418 0.834567 0.827284 0.821091 0.815792 0.810966 0.806832
0.283967 0.273131 0.248966 0.228615 0.214297 0.203532 0.195250 0.188843 0.183488 0.179199
./K4MD0BaseBertTT
0.908226 0.902434 0.898700 0.895971 0.893584 0.891593 0.889867 0.888254 0.886829 0.885462
0.111247 0.109710 0.108447 0.108693 0.109548 0.110799 0.112560 0.114388 0.116156 0.117979
./K4MD0BaseBertTTLabeled
0.927625 0.919006 0.913195 0.909336 0.906196 0.903769 0.901563 0.899844 0.898260 0.896874
0.175970 0.163206 0.156069 0.153229 0.152618 0.153261 0.154499 0.156861 0.158747 0.160875
./K4MD0LargeBertNews
0.941367 0.931001 0.924112 0.919396 0.915292 0.911556 0.908191 0.905180 0.902465 0.900075
0.213700 0.194343 0.184774 0.180290 0.178667 0.178284 0.178242 0.178591 0.179870 0.181506
./K4MD0LargeBertTT
0.960596 0.957718 0.955717 0.954291 0.953144 0.952249 0.951332 0.950623 0.950051 0.949440
0.139367 0.140593 0.144300 0.148753 0.153629 0.158798 0.163646 0.168593 0.173777 0.178477
./K5MD0BaseBertNews
0.933032 0.921892 0.913439 0.906916 0.901741 0.897431 0.894005 0.890938 0.888271 0.885954
0.227576 0.210350 0.197949 0.192496 0.189358 0.188663 0.188775 0.189513 0.190975 0.192655
./K6MD0D1000TT
0.905092 0.899983 0.896401 0.893041 0.889749 0.886576 0.883660 0.880923 0.878457 0.875798
0.106627 0.117200 0.122220 0.125657 0.128173 0.130601 0.132747 0.135044 0.137209 0.139159
./K6MD0D300TT
0.897439 0.892357 0.888056 0.883932 0.880529 0.876944 0.874008 0.870969 0.868232 0.865662
0.104307 0.114427 0.119460 0.122555 0.124913 0.127189 0.128948 0.131065 0.133226 0.135244
./K7MD0D1000TTLabeled
0.863644 0.849900 0.837713 0.827212 0.817503 0.808915 0.801278 0.794424 0.787635 0.781604
0.190967 0.197706 0.189967 0.181656 0.173765 0.167128 0.161770 0.157057 0.153068 0.149462
./K7MD0D300TTLabeled
0.866052 0.850839 0.838646 0.828302 0.818541 0.809516 0.801257 0.793456 0.787175 0.781637
0.189097 0.196022 0.188732 0.180553 0.172946 0.166476 0.160283 0.155275 0.151453 0.148560
./K7MD0LargeBertTTLabeled
0.969841 0.968046 0.966746 0.965864 0.965075 0.964341 0.963655 0.963095 0.962602 0.962039
0.159774 0.180099 0.192931 0.205774 0.217255 0.228164 0.238368 0.247945 0.256940 0.265524
